["statuses_count", "followers_count", "friends_count", "favourites_count", "verified" == False, "verified" == True, "protected" == False, "protected" == True]
[205, 75, 635, 4487, 1, 0, 1, 0]
[22, 1, 45, 11, 1, 0, 1, 0]
[1105, 1745, 386, 1245, 1, 0, 1, 0]
[399, 673, 423, 571, 1, 0, 1, 0]
[29, 27, 158, 1105, 1, 0, 1, 0]
[49693, 13591, 214, 7373, 1, 0, 1, 0]
[52, 7, 146, 374, 1, 0, 1, 0]
[3591, 328, 1011, 5012, 1, 0, 1, 0]
[62, 12, 88, 507, 1, 0, 1, 0]
[2984, 223, 607, 2778, 1, 0, 1, 0]
[43, 10, 344, 598, 1, 0, 1, 0]
[29, 27, 158, 1105, 1, 0, 1, 0]